111111111111111111111111111111111111111111111111111111111111111111111111111111111111111111111111111111111111111111111111
111111111111111111111111111111111111111111111111111111111111111111111111111111111111111111111111111111111111111111111111
111111111111111111111111111111111111111111111111111111111111111111111111111111111111111111111111111111111111111111111111
111111111111111111111111111111111111111111111111111111111111111111111111111111111111111111111111111111111111111111111111
111111111111111111111111111111111111111111111111111111111111111111111111111111111111111111111111111111111111111111111111
111111111111111111111111111111111111111111111111111111111111111111111111111111211111111111111111111111111111111111111111
111111111111111111111111111111111111111111111111111111111111111111111111111112222222211111111111111111111111111111111111
111111111111111111111111111111111111111111111111111111111111111111111111111112222222222111111111111111111111111111111111
111111111111111111111111111111111111111111111111111111111111111111111112222222222222222211111111111111111111111111111111
111111111111111111111111111111111111111111111111121111111111111111112222222222222222222222211111111111111111111111111111
111111111111111111111111111111111111111111111122222211111111111111122222222222222222222222222222111111111111111111111111
111111111111111111111111111111111111111111122222222222222222222222222222222222222222222222222222221111111111111111111111
111111111111111111111111111111111122222211222222222222222222222222222222222223332222222222222222222111111111111111111111
111111111111111111111111111111122222222222222222222222222222222222222222223333333333322222222222222211111111111111111111
111111111111111111111111111222222222222222222222222222222222222222223333333333333333333222222222222221111111111111111111
111111111111111111111111111222222222222222222222222222222223222222333333333333333333333222222222222221111111111111111111
111111111111111111111111111222222222222222222233333333332233332223333333333333333333333222222222222222111111111111111111
111111111111111111111111122222222222222222222333333333333333333333333333333333333333333322222222222222211111111111111111
111111111111111111111111122222222222222222223333333333333333333333333333333333333333333332222222222222221111111111111111
111111111111111111111111122222222222222222333333333333333333333333333333333333333333333332222223322222222111111111111111
111111111111111111111111122222222222222333333333333333333333333333333333333333333333333333233333332222222211111111111111
111111111111111111111111222222222223333333333333333333333333333333333333333333333333333333333333332222222221111111111111
111111111111111111111111222222222233333333333333333333333333333333333333333333333333333333333333333222222221111111111111
111111111111111111111112222222222233333333333333333333333333333333333333333333333333333333333333333322222222111111111111
111111111111111111111112222222222333333333333333333333333333333333333333333333333333333333333333333333222222211111111111
111111111111111111111122222222233333333333333333333333333333333333333333333333333333333333333333333333332222221111111111
111111111111111111111222222222333333333333333333333333333333333333333333333333333333333333333333333333333222222111111111
111111111111111111112222222223333333333333333333333333333333333333333333333333333333333333333333333333333322222111111111
111111111111111111122222223333333333333333333333333333333333333333333333333333333333333333333333333333333322222111111111
111111111111111111222222233333333333333333333333333333333333333333333333333333333333333333333333333333333322222111111111
111111111111111112222222333333333333333333333333333333333333333333333333333333333333333333333333333333333332222111111111
111111111111111122222223333333333333333333333333333333333333333333333333333333333333333333333333333333333332222111111111
111111111111111222222223333333333333333333333333333333333333333333333333333333333333333333333333333333333332222211111111
111111111111112222222233333333333333333333333333333333333333333333333333333333333333333333333333333333333332222211111111
111111111111122222222333333333333333333333333333333333333333333333333333333333333333333333333333333333333332222221111111
111111111111222222233333333333333333333333333333333333333333333333333333333333333333333333333333333333333332222222111111
111111111111222223333333333333333333333333333333333333333333333334444344333333333333333333333333333333333333222222111111
111111111112222233333333333333333333333333333333333333334444444444444444433333333333333333333333333333333333322222211111
111111111112222333333333333333333333333333333333333333444444444444444444444443333333333333333333333333333333332222211111
111111111122222333333333333333333333333333333333333334444444444444444444444444433333333333333333333333333333332222211111
111111111122223333333333333333333333333333333333333344444444444444444444444444444443333333333333333333333333332222211111
111111111122223333333333333333333333333333333333333444444444444444444444444444444444333333333333333333333333332222111111
111111111122223333333333333333333333333333333444444444444444444444444444444444444444443333333333333333333333332222111111
111111111122223333333333333333333333333334444444444444444444444444444444444444444444444444333333333333333333333222211111
111111111122223333333333333333333333333344444444444444444444444444444444444444444444444444433333333333333333333222211111
111111111122223333333333333333333333333444444444444444444444444444444444444444444444444444433333333333333333333222211111
111111111122223333333333333333333333344444444444444444444444444444444444444444444444444444433333333333333333333222211111
111111111122223333333333333333333334444444444444444444444444444444444444444444444444444444433333333333333333333222211111
111111111222233333333333333333333344444444444444444444444444444444444444444444444444444444433333333333333333333222211111
111111112222333333333333333333333444444444444444444444444444444444444444444444444444444444333333333333333333333222211111
111111122223333333333333333333334444444444444444444444444444444444444444444444444444444443333333333333333333333222211111
111111122223333333333333333333344444444444444444444444444444444444444444444444444444444433333333333333333333332222111111
111111222233333333333333333333444444444444444444444444444444444444444444444444444444444333333333333333333333332222111111
111111222233333333333333333334444444444444444444444444444444444444444444444444444444444333333333333333333333322221111111
111111222233333333333333333334444444444444444444444444444444444444444444444444444444444333333333333333333333222221111111
111112222333333333333333333334444444444444444444444444444444444444444444444444444444444333333333333333333332222211111111
111112222333333333333333333334444444444444444444444444444444444444444444444444444444443333333333333333333332222211111111
111112222333333333333333333334444444444444444444444444444444444444444444444444444444433333333333333333333332222211111111
111112222333333333333333333344444444444444444444444444444444444444444444444444444443333333333333333333333322222111111111
111112222233333333333333333444444444444444444444444444444444444444444444444444433333333333333333333333333322222111111111
111112222233333333333333333444444444444444444444444444444444444444444444443333333333333333333333333333333222222111111111
111112222233333333333333333444444444444444444444444444444444444444444443333333333333333333333333333333332222222111111111
111112222223333333333333333344444444444444444444444444444444444444444433333333333333333333333333333333332222222111111111
111112222222333333333333333344444444444444444444444444444444444444444333333333333333333333333333333333322222222111111111
111111222222233333333333333334444444444444444444444444444444444444444333333333333333333333333333333333222222221111111111
111111122222233333333333333333444444444444444444444444444444444444444433333333333333333333333333333332222222221111111111
111111112222223333333333333333344444444444444444444444444444444444444433333333333333333333333333333322222222211111111111
111111111222222333333333333333334444444444444444444444444444444444444433333333333333333333333333333322222222111111111111
111111111222222333333333333333333444444444444444444444444444444444444333333333333333333333333333333222222222111111111111
111111111122222233333333333333333333444444444444444444444444444444444333333333333333333333333333332222222221111111111111
111111111112222223333333333333333333333344444444444444444444444444443333333333333333333333333333322222221111111111111111
111111111111222222233333333333333333333333444444444444444444444444433333333333333333333333333333222222221111111111111111
111111111111122222223333333333333333333333333344333444444444444444333333333333333333333333333332222222222111111111111111
111111111111112222222333333333333333333333333333333333444444444333333333333333333333333333333332222222221111111111111111
111111111111111122222233333333333333333333333333333333333344433333333333333333333333333333333322222222221111111111111111
111111111111111112222223333333333333333333333333333333333333333333333333333333333333333333333222222222221111111111111111
111111111111111112222222333333333333333333333333333333333333333333333333333333333333333333332222222222211111111111111111
111111111111111111222222233333333333333333333333333333333333333333333333333333333333333333332222222222211111111111111111
111111111111111111222222223333333333333333333333333333333333333333333333333333333333333333322222222221111111111111111111
111111111111111111222222222333333333333333333333333333333333333333333333333333333333333333322222222211111111111111111111
111111111111111111222222222333333333333333333333333333333333333333333333333333333333333333322222222111111111111111111111
111111111111111111122222222233333333333333333333333333333333333333333333333333333333333333222222211111111111111111111111
111111111111111111112222222223333333333333333333333333333333333333333333333333333333333332222222111111111111111111111111
111111111111111111111122222222333333333333333333333333333333333333333333333333333333333332222222111111111111111111111111
111111111111111111111122222222233333333333333333333333333333333333333333333333333333333322222221111111111111111111111111
111111111111111111111122222222233333333333333333333333333333333333333333333333333333333322222211111111111111111111111111
111111111111111111111112222222223333333333333333333333333333333333333333333333333333333222222111111111111111111111111111
111111111111111111111111222222223333333333333333333333333333333333333333333333333333332222221111111111111111111111111111
111111111111111111111111222222222333333333333333333333333333333333333333333333333333322222211111111111111111111111111111
111111111111111111111111222222222233333333333333333333333333333333333333333333333333222222111111111111111111111111111111
111111111111111111111111222222222233333333333333333333333333333333333333333333333333222222111111111111111111111111111111
111111111111111111111111222222222233333333333333333333333333333333333333333333333332222222111111111111111111111111111111
111111111111111111111111222222222233333333333333333333333333333333333333333333332222222221111111111111111111111111111111
111111111111111111111112222222222223333333333333333333333333333333333333333333332222222221111111111111111111111111111111
111111111111111111111111222222222223333333333333333333333333333333333333333333322222222211111111111111111111111111111111
111111111111111111111111112222222223333333333333333333333333333333333333333332222222222211111111111111111111111111111111
111111111111111111111111112222222223333333333333333333333333333333333333333222222222222111111111111111111111111111111111
111111111111111111111111111222222222233333333333333333333333333333333333333222222222221111111111111111111111111111111111
111111111111111111111111111112222222222333333333333333333333333333333333333222222222111111111111111111111111111111111111
111111111111111111111111111111222222222223333333333333333333333333333333333222222221111111111111111111111111111111111111
111111111111111111111111111111122222222222223333333333333333333333333333332222222211111111111111111111111111111111111111
111111111111111111111111111111111222222222222233333333333333333333333333322222222111111111111111111111111111111111111111
111111111111111111111111111111111111122222222222223333333333333333333333222222221111111111111111111111111111111111111111
111111111111111111111111111111111111111112222222222233333333333333333332222222211111111111111111111111111111111111111111
111111111111111111111111111111111111111111122222222222333333333333322222222211111111111111111111111111111111111111111111
111111111111111111111111111111111111111111112222222222233333333322222222222111111111111111111111111111111111111111111111
111111111111111111111111111111111111111111111122222222222222222222222222211111111111111111111111111111111111111111111111
111111111111111111111111111111111111111111111111122222222222222222222222111111111111111111111111111111111111111111111111
111111111111111111111111111111111111111111111111111112222222222222211111111111111111111111111111111111111111111111111111
111111111111111111111111111111111111111111111111111111112222222211111111111111111111111111111111111111111111111111111111
111111111111111111111111111111111111111111111111111111111122111111111111111111111111111111111111111111111111111111111111
111111111111111111111111111111111111111111111111111111111111111111111111111111111111111111111111111111111111111111111111
111111111111111111111111111111111111111111111111111111111111111111111111111111111111111111111111111111111111111111111111
111111111111111111111111111111111111111111111111111111111111111111111111111111111111111111111111111111111111111111111111
111111111111111111111111111111111111111111111111111111111111111111111111111111111111111111111111111111111111111111111111
111111111111111111111111111111111111111111111111111111111111111111111111111111111111111111111111111111111111111111111111
