0000000000300000000000030000000000300030000000300000000003000000030000000030030000000030030030000000
0000000300000000300000000000030000000000000300000300000000000000000030030000000000300000000000000000
3003000000000300000030000030000000000000000000000000300000000300000000000000000000000000000000003003
0000000000000000000000030000000000000000000000300000000000000000000000000000000000000030003003000000
0000000030000000000000000000003000000300000000000000000003000000300000000003000000030000000000000000
0030000000000000000000000003000000300000030000000003000000000000000003003000003000000000000000000003
0000030000000300003000300000000000000000000000003000000000000000000000000000000000000030000300300000
0000000000300000000000000000000000000300000000000000000030003003000000000000000003000000000000000000
0000000000000000000000000300030000300000300300000000300000000000003000000000003000000000000000000000
0000000300000000000300000000000000000000000000030000000000000000000000003003000000000003000300000003
3003000000000000000000000000000000000000000000000000000000300300000003000000000003003000000000003000
0000000000000003000000300000003003003000000030000000300000000000000000000000003000000000000000000000
0000000000000000000000000000000000000000000000003000000300000000030000003003000000000000030000000003
3000003000000000000300000003000000000003000000000000000000000000000003000000000003000000000000000000
0003000000300003000000000000000300000000000000000000300000030000000000000000003000000300000003000000
0000000000000000000000000000000000000000000300000000000030000000300000003003000000000000030000000003
0000000000000000000030030000000000003000000000300300000000000000000000000000000003000000000000003000
0300300030030000000000000030000000000000300000000000300000000000000030000000000000000300000000000000
0000000000000000300000000000030003000000000300000000000000000003000000030030003000000000003000000000
0000000000000000000300000000000000000000000000030000000300003000000000000000000000300000000000300000
0000000003003000000000003000000000000000000000000000000000000000000030000000000000000300000000000000
0000000000000000300000000000000000300300000000000000000000000000000000003000300000000000030000000030
0030030000000000000300000000000000000000003000300030003000000030000000000000000300000000000030030000
0000000030030000000000300300003000000000000000000000000000000000003000000000000000000000000000000000
0000000000000003000000000000000003000000000000000000000000300000000000030000000000003000000000000000
3000300000000000000000000000000000000300000000030000000000000300000000000030000000000000000003000030
0000000300003000000300000003000000000000030000000030003000000000000000000000000300000000030000000000
0000000000000000000000030000000300300000000030000000000003000000000000000000000000030030000000000000
0030000000000000000000000000000000000000000000000000000000000000300030000000000000000000000000000000
0000000000000030030000000000300000000000300000000030000000003000000000030003000300000000000030000000
0000003000000000000030000000000003000300000300300000030000000000000000000000000000000300000000030030
3003000003000000000000000300000000000000000000000000000030000003003000000000000000000000300000000000
0000000000000003000000000000000000000000000000000030000000030000000000000030000003000000000300000000
0000003000003000000000000000000003000030000000030000000000000000000000000000030000000300000000300000
0000000000000000000030030030003000000000030030000000000300000000000030030000000000000000000000000030
0003000003000000030000000000000000000000000000000030000000000000000000000030000000000000000000000000
3000000000000030000000000000000003000030000000000000000000003000300000000000000003000000003000000000
0000003000000000000000000300000000000000000000300000000000000000000000000000000000000300000000300003
0000000003000000030000000000300000000000000000000003000300000000000300030000003000000000000000000000
0000000000000030000030000000000000000300030000000000000000000000000000000000000000300000000300000000
0000030000000000000000003000000300000000000000000000000000030003000000000003000000000000000000030003
0030000000000000000000000000000000300000000000000300030030000000003003003000000000000000300000000000
0000000030000300000300000000000000000000003000300000000000000000000000000000000300000300000030000000
0000030000000000300000000000030000000300000000000000000000000000000000000000000000300000000000003000
0000000000000000000000003000000000000000000000000000030003000300000000030030000000000000000000000003
0000000000000000000000000000000000000000030030000300000000000000000030000000003000000030000300000000
0300003003003000000030000003000300300000000000000000000000000000300000000000000000000000000000030000
0000000000000000000000000000000000000000000000000000030000000300000000000000000003000000000000000000
0000000000000000030000000000000000000030000003000000000000000000000300000000000000000000000000000003
3000003003000000000003003003003000030000000000000000000030000000300000300030003000000003000000000000
0000000000000300000000000000000000000000003000000300000000000000000000000000000000000000003000000000
0003000000000000003000000000000000000030000000000000000000000000000300000000000000300000000000030000
0000000300000000000000000003000030000000000000000000030000300300300000000003000300000300000000000003
3000000000030000000000000000000000000000003000300000000000000000000000003000000000000000030000000000
0003000000000030000000030000000000000300000000000000000000000000000030000000000000000000000030000000
0000000030000000000000000000300000000000000000000300000000000000030000000003000300000030000000003003
0000000000030000000300000000000300300000000000000000000300300300000000000000000000030000000000000000
3000030000000000000000000000000000000000000030000000300000000000000000000000000000000000003000000000
0000000030000000000000000003000000000000300000030000000000000000000000300003000000000000000000000000
0000000000030030030030030000000003003000000000000000000000300030000300000000000300030030000003000000
0000300000000000000000000000000000000000000000000003003000000000000000000000000000000000000000000300
0000000300000000000000000030030000000000000000003000000000000000000000030000000000000000000000000000
0300000000000000000300000000000000000000000030000000000000000000030030000000300000300030000300000000
0000000000000030000000000000000003000300030000000000000000000030000000000000000300000000000000300000
0000300300300000000000300030000000000000000000000000030000030000000000000300000000000000000000000000
0300000000000000003000000000003000000000000000003000000030000000000030000000300000003003000000000300
0000000000000000000000000000000000003000000003000000000000000000030000000000000000000000000030000000
0000000300030030000000000030000003000003000000000000000000000030000000003000000000000000000000000000
3000000000000000000300000000003000000000003000000300003003000000000000000003000030030030000000030030
0003000000000000000000300000000000000000000000000000000000000000000300000000000000000000003000000000
0000000000000000000000000300000000000000000000300000000000000000000000000000000000000000000000000000
0000000030030000000000000000000030000300003000000003000000000030000000030000000030000000000000000030
3003000000000030030000000000300000000000000000000000000300000000000000000000000000000000000300000000
0000000000000000000000003000000000000000000003003000000000300000000300000003000000030003000000030000
0000000300300000000030000000000030003000030000000000000000000030000000000000000030000000000000000003
0030000000000000000000000000000000000000000000000000000300000000000000000000000000000000000000000000
0000000000000003000000003000000000000000000000300300000000000000000003003000000000000003000030003000
0000000300000000000000000003000030030030000000000000300000000000000000000003000003000000000000000003
0000000000000000000030000000000000000000000300000000000003003000030000000000003000003000000000000000
0000000000030000000000003000000000000000000000000000000000000000000030000000000000000000000030003000
0300030030000000300000000000000030003000000000300030030000000000000000000000000000000000000000000000
0000000000000000000000000000030000000000000000000000000030030000000000000300300300300003000000000000
0000000000000000000000000030000000000000030000000000000000000030000300300000000000000000000300030030
3000000000000300030003000000000000300000000003000000300000000000000000000000000000000000000000000000
0000000030000000000000000000030000000030000000003000000030030000000000000000000300300000300000000000
0000030000000000000000000000000000000000000000000000000000000003003003000003000000000300000000000003
0030000000000300030030000300000000300000030000000000300000000000000000003000000000000000000000000000
0000000000000000000000000000000000000000000000000000000003003000000000000000003003000000003003003000
0000000003000000000000000000000300000000000000300300000000000000000000000003000000000000000000000003
0000003000003003000000000300300000000030003000000000000000000000030030000000000000003003000000000000
0300000000000000003000000000000000000000000000000000030000000030000000000000000000000000000300300000
0000000003000000000003000000000003000000000000300030000030030000000000030000003000000000000000000300
0000003000003000000000003003003000003003000300000000000000000000000300000000000003003003000000000000
0000000000000000030000000000000000000000000000000000000000000030000000000003000000000000000000000000
3003000000000000000000000000000000000000000000000000030030030000000000030000003000000000000000003000
0000000000300030000000300030030000000030003003000000000000000000000030000000000000000030000300000003
0000003000000000000000000000000030000000000000003000000000000000000000000003000000300000000000000000
0000000000000000030000000000000000030000000000000000000000003000030000030000003000000000000000000000
3003000000000000000000000000000000000000000003000000003000000000000030000000000000000300000000300000
0000003003003000000000300003003000000030003000000003000003000000000000000003000000300000300300000300
